SATISFIED
Time taken: ---
R: 2


--------------------------------------------------------------
Solution 0
x0 = [[0, 16], [19, 16], [28, 16]]
x:0 	[0, 1, 2, 3, 4, 5, 6, 7, 8, 9, 10, 11, 12, 13, 14, 15, 16, 17, 18, 19, 20, 21, 22, 23, 24, 25, 26, 27, 28, 29, 30, 31]
--------------------------------------------------------------
x:1 	[0, 1, 4, 5, 8, 9, 12, 13]
--------------------------------------------------------------
x:2 	[0, 1, 2, 3, 4, 5, 6, 7, 8, 9, 10, 11, 12, 13, 14, 15, 16, 17, 18, 19, 20, 21, 22, 23, 24, 25, 26, 27, 28, 29, 30, 31]
--------------------------------------------------------------
x:3 	[2, 3, 10, 11, 18, 19, 26, 27]
--------------------------------------------------------------
x:4 	[6, 7, 14, 15]
--------------------------------------------------------------
x:5 	[0, 1, 8, 9, 10, 11, 12, 13, 14, 15, 16, 17, 24, 25, 26, 27, 28, 29, 30, 31]
--------------------------------------------------------------
x:6 	[0, 1, 2, 3, 4, 5, 6, 7]
--------------------------------------------------------------
x:7 	[0, 1, 2, 3, 4, 5, 6, 7, 8, 9, 10, 11, 12, 13, 14, 15, 16, 17, 18, 19, 20, 21, 22, 23, 24, 25, 26, 27, 28, 29, 30, 31]
--------------------------------------------------------------
x:8 	[0, 4]
--------------------------------------------------------------
x:9 	[4, 6, 20, 22]
--------------------------------------------------------------
x:10 	[0, 1, 2, 3, 8, 9, 10, 11, 16, 17, 18, 19, 20, 21, 22, 23, 24, 25, 26, 27, 28, 29, 30, 31]
--------------------------------------------------------------
x:11 	[2, 6, 10, 14, 18, 22, 26, 30]
--------------------------------------------------------------
x:12 	[0, 1]
--------------------------------------------------------------
x:13 	[0, 1, 2, 3, 4, 5, 6, 7, 8, 9, 10, 11, 12, 13, 14, 15, 16, 17, 18, 19, 20, 21, 22, 23, 24, 25, 26, 27, 28, 29, 30, 31]
--------------------------------------------------------------
x:14 	[2, 3, 10, 11]
--------------------------------------------------------------
x:15 	[0, 1, 2, 3, 16, 17, 18, 19]
--------------------------------------------------------------
x:16 	[2, 3, 6, 7, 10, 11, 14, 15, 18, 19, 22, 23, 26, 27, 30, 31]
--------------------------------------------------------------
x:17 	[4, 5, 6, 7, 16, 17, 18, 19, 20, 21, 22, 23, 24, 25, 26, 27, 28, 29, 30, 31]
--------------------------------------------------------------
x:18 	[0, 1, 4, 5]
--------------------------------------------------------------
x:19 	[0, 1, 2, 3, 4, 5, 6, 7, 8, 9, 10, 11, 12, 13, 14, 15, 16, 17, 18, 19, 20, 21, 22, 23, 24, 25, 26, 27, 28, 29, 30, 31]
--------------------------------------------------------------
x:20 	[0, 2, 4, 6, 8, 10, 12, 14, 16, 18, 20, 22, 24, 26, 28, 30]
--------------------------------------------------------------
x:21 	[0]
--------------------------------------------------------------
x:22 	[4, 5, 6, 7, 12, 13, 14, 15, 20, 21, 22, 23, 28, 29, 30, 31]
--------------------------------------------------------------
x:23 	[0, 1, 4, 5, 8, 9, 12, 13]
--------------------------------------------------------------
x:24 	[0, 1, 2, 3, 16, 17, 18, 19]
--------------------------------------------------------------
x:25 	[2, 3, 6, 7, 10, 11, 14, 15, 18, 19, 22, 23, 26, 27, 30, 31]
--------------------------------------------------------------
x:26 	[0, 1, 2, 3, 4, 5, 6, 7, 8, 9, 10, 11, 12, 13, 14, 15, 16, 17, 18, 19, 20, 21, 22, 23, 24, 25, 26, 27, 28, 29, 30, 31]
--------------------------------------------------------------
x:27 	[0, 2, 4, 6]
--------------------------------------------------------------
x:28 	[0, 1, 2, 3, 4, 5, 6, 7, 8, 9, 10, 11, 12, 13, 14, 15, 16, 17, 18, 19, 20, 21, 22, 23, 24, 25, 26, 27, 28, 29, 30, 31]
--------------------------------------------------------------
x:29 	[0, 1, 2, 3, 4, 5, 6, 7, 9, 11, 13, 15, 16, 17, 18, 19, 20, 21, 22, 23, 25, 27, 29, 31]
--------------------------------------------------------------
x:30 	[0, 4]
--------------------------------------------------------------
x:31 	[4, 12, 20, 28]
--------------------------------------------------------------
x:32 	[0, 1, 4, 5, 8, 9, 12, 13]
--------------------------------------------------------------
x:33 	[2, 3, 10, 11, 18, 19, 26, 27]
--------------------------------------------------------------
x:34 	[0, 2, 4, 6]
--------------------------------------------------------------
x:35 	[0, 1, 2, 3, 4, 5, 6, 7, 8, 9, 10, 11, 12, 13, 14, 15, 16, 17, 18, 19, 20, 21, 22, 23, 24, 25, 26, 27, 28, 29, 30, 31]
--------------------------------------------------------------
x:36 	[0, 1, 2, 3, 4, 5, 6, 7, 8, 9, 10, 11, 12, 13, 14, 15, 16, 17, 18, 19, 20, 21, 22, 23, 24, 25, 26, 27, 28, 29, 30, 31]
--------------------------------------------------------------
x:37 	[0, 1, 4, 5]
--------------------------------------------------------------
x:38 	[0, 1, 2, 3, 4, 5, 6, 7, 8, 9, 10, 11, 12, 13, 14, 15, 16, 17, 18, 19, 20, 21, 22, 23, 24, 25, 26, 27, 28, 29, 30, 31]
--------------------------------------------------------------
x:39 	[0, 1, 2, 3, 4, 5, 6, 7, 8, 9, 10, 11, 12, 13, 14, 15, 16, 17, 18, 19, 20, 21, 22, 23, 24, 25, 26, 27, 28, 29, 30, 31]
--------------------------------------------------------------
x:40 	[4]
--------------------------------------------------------------
x:41 	[0, 1, 4, 5, 8, 9, 10, 11, 12, 13, 14, 15, 24, 25, 26, 27, 28, 29, 30, 31]
--------------------------------------------------------------
x:42 	[2, 3, 6, 7, 10, 11, 14, 15]
--------------------------------------------------------------
x:43 	[0, 1, 2, 3]
--------------------------------------------------------------
x:44 	[0, 1, 4, 5, 8, 9, 12, 13, 16, 17, 20, 21, 24, 25, 28, 29]
--------------------------------------------------------------
x:45 	[0, 1, 2, 3, 4, 5, 6, 7, 8, 9, 10, 11, 12, 13, 14, 15, 16, 17, 18, 19, 20, 21, 22, 23, 24, 25, 26, 27, 28, 29, 30, 31]
--------------------------------------------------------------
x:46 	[0, 1, 2, 3, 4, 5, 6, 7, 8, 9, 10, 11, 12, 13, 14, 15]
--------------------------------------------------------------
x:47 	[0, 4, 8, 9, 10, 11, 12, 13, 14, 15, 16, 20, 24, 25, 26, 27, 28, 29, 30, 31]
--------------------------------------------------------------
x:48 	[0, 1, 2, 3, 16, 17, 18, 19]
--------------------------------------------------------------
x:49 	[2, 10]
--------------------------------------------------------------
x:50 	[0]
--------------------------------------------------------------
x:51 	[0, 1, 2, 3, 4, 5, 6, 7]
--------------------------------------------------------------
x:52 	[0, 1, 2, 3]
--------------------------------------------------------------
x:53 	[0, 2, 8, 10, 16, 18, 24, 26]
--------------------------------------------------------------
x:54 	[0, 1, 16, 17]
--------------------------------------------------------------
x:55 	[0, 2, 8, 10, 16, 18, 24, 26]
--------------------------------------------------------------
x:56 	[0, 1, 2, 3, 8, 9, 10, 11, 16, 17, 18, 19, 24, 25, 26, 27]
--------------------------------------------------------------
x:57 	[0, 1, 2, 3, 8, 9, 10, 11, 16, 17, 18, 19, 24, 25, 26, 27]
--------------------------------------------------------------
x:58 	[4, 5, 6, 7, 12, 13, 14, 15, 20, 21, 22, 23, 28, 29, 30, 31]
--------------------------------------------------------------
x:59 	[4]
--------------------------------------------------------------
x:60 	[0, 1, 8, 9, 10, 11, 12, 13, 14, 15, 16, 17, 24, 25, 26, 27, 28, 29, 30, 31]
--------------------------------------------------------------
x:61 	[2, 3, 6, 7, 10, 11, 14, 15, 18, 19, 22, 23, 26, 27, 30, 31]
--------------------------------------------------------------
x:62 	[4, 6]
--------------------------------------------------------------
x:63 	[0, 1, 16, 17]
--------------------------------------------------------------
