1: input[11, 15]: [[11], [0], [6, 31], [8, 21, 26], [2, 16, 19, 28], [9, 14, 15, 20, 29, 30], [2, 7, 10, 20, 28], [3, 8, 14, 20, 28], [9, 10, 14, 17, 27], [2, 3, 16, 22, 23], [14, 15, 24], [10, 11], [0]]
2: input[11, 15]: [[11], [0], [6, 31], [8, 21, 26], [2, 19, 28], [9, 29, 30], [2, 7, 20], [8, 14, 28], [9, 10, 27], [2, 3, 16], [14, 15], [10], [3]]
3: input[11, 14]: [[11], [0], [6, 31], [8, 21, 26], [2, 16, 19, 28], [9, 14, 15, 20, 29, 30], [2, 7, 10, 20, 28], [3, 8, 14, 20, 28], [9, 10, 14, 17, 27], [2, 3, 16, 22, 23], [14, 15, 24], [10, 11], [0]]
4: input[11, 14]: [[11], [0], [6, 31], [8, 21, 26], [2, 19, 28], [9, 29, 30], [2, 7, 20], [8, 14, 28], [9, 10, 27], [2, 3, 16], [14, 15], [10], [3]]
5: input[11, 13]: [[11], [0], [6, 31], [8, 21, 26], [2, 16, 19, 28], [9, 14, 15, 20, 29, 30], [2, 7, 10, 20, 28], [3, 8, 14, 20, 28], [9, 10, 14, 17, 27], [2, 3, 16, 22, 23], [14, 15, 24], [10, 11], [0]]
6: input[11, 13]: [[11], [0], [6, 31], [8, 21, 26], [2, 19, 28], [9, 29, 30], [2, 7, 20], [8, 14, 28], [9, 10, 27], [2, 3, 16], [14, 15], [10], [3]]
7: input[11, 12]: [[11], [0], [6, 31], [8, 21, 26], [2, 16, 19, 28], [9, 14, 15, 20, 29, 30], [2, 7, 10, 20, 28], [3, 8, 14, 20, 28], [9, 10, 14, 17, 27], [2, 3, 16, 22, 23], [14, 15, 24], [10, 11], [0]]
8: input[11, 12]: [[11], [0], [6, 31], [8, 21, 26], [2, 19, 28], [9, 29, 30], [2, 7, 20], [8, 14, 28], [9, 10, 27], [2, 3, 16], [14, 15], [10], [3]]
9: input[11, 11]: [[11], [0], [6, 31], [8, 21, 26], [2, 16, 19, 28], [9, 14, 15, 20, 29, 30], [2, 7, 10, 20, 28], [3, 8, 14, 20, 28], [9, 10, 14, 17, 27], [2, 3, 16, 22, 23], [14, 15, 24], [10, 11], [0]]
10: input[11, 11]: [[11], [0], [6, 31], [8, 21, 26], [2, 19, 28], [9, 29, 30], [2, 7, 20], [8, 14, 28], [9, 10, 27], [2, 3, 16], [14, 15], [10], [3]]
11: input[11, 10]: [[11], [0], [6, 31], [8, 21, 26], [2, 16, 19, 28], [9, 14, 15, 20, 29, 30], [2, 7, 10, 20, 28], [3, 8, 14, 20, 28], [9, 10, 14, 17, 27], [2, 3, 16, 22, 23], [14, 15, 24], [10, 11], [0]]
12: input[11, 10]: [[11], [0], [6, 31], [8, 21, 26], [2, 19, 28], [9, 29, 30], [2, 7, 20], [8, 14, 28], [9, 10, 27], [2, 3, 16], [14, 15], [10], [3]]
13: input[11, 9]: [[11], [0], [6, 31], [8, 21, 26], [2, 16, 19, 28], [9, 14, 15, 20, 29, 30], [2, 7, 10, 20, 28], [3, 8, 14, 20, 28], [9, 10, 14, 17, 27], [2, 3, 16, 22, 23], [14, 15, 24], [10, 11], [0]]
14: input[11, 9]: [[11], [0], [6, 31], [8, 21, 26], [2, 19, 28], [9, 29, 30], [2, 7, 20], [8, 14, 28], [9, 10, 27], [2, 3, 16], [14, 15], [10], [3]]
15: input[11, 8]: [[11], [0], [6, 31], [8, 21, 26], [2, 16, 19, 28], [9, 14, 15, 20, 29, 30], [2, 7, 10, 20, 28], [3, 8, 14, 20, 28], [9, 10, 14, 17, 27], [2, 3, 16, 22, 23], [14, 15, 24], [10, 11], [0]]
16: input[11, 8]: [[11], [0], [6, 31], [8, 21, 26], [2, 19, 28], [9, 29, 30], [2, 7, 20], [8, 14, 28], [9, 10, 27], [2, 3, 16], [14, 15], [10], [3]]
17: input[11, 7]: [[11], [0], [6, 31], [8, 21, 26], [2, 16, 19, 28], [9, 14, 15, 20, 29, 30], [2, 7, 10, 20, 28], [3, 8, 14, 20, 28], [9, 10, 14, 17, 27], [2, 3, 16, 22, 23], [14, 15, 24], [10, 11], [0]]
18: input[11, 7]: [[11], [0], [6, 31], [8, 21, 26], [2, 19, 28], [9, 29, 30], [2, 7, 20], [8, 14, 28], [9, 10, 27], [2, 3, 16], [14, 15], [10], [3]]
19: input[11, 6]: [[11], [0], [6, 31], [8, 21, 26], [2, 16, 19, 28], [9, 14, 15, 20, 29, 30], [2, 7, 10, 20, 28], [3, 8, 14, 20, 28], [9, 10, 14, 17, 27], [2, 3, 16, 22, 23], [14, 15, 24], [10, 11], [0]]
20: input[11, 6]: [[11], [0], [6, 31], [8, 21, 26], [2, 19, 28], [9, 29, 30], [2, 7, 20], [8, 14, 28], [9, 10, 27], [2, 3, 16], [14, 15], [10], [3]]
21: input[11, 5]: [[11], [0], [6, 31], [8, 21, 26], [2, 16, 19, 28], [9, 14, 15, 20, 29, 30], [2, 7, 10, 20, 28], [3, 8, 14, 20, 28], [9, 10, 14, 17, 27], [2, 3, 16, 22, 23], [14, 15, 24], [10, 11], [0]]
22: input[11, 5]: [[11], [0], [6, 31], [8, 21, 26], [2, 19, 28], [9, 29, 30], [2, 7, 20], [8, 14, 28], [9, 10, 27], [2, 3, 16], [14, 15], [10], [3]]
23: input[11, 4]: [[11], [0], [6, 31], [8, 21, 26], [2, 16, 19, 28], [9, 14, 15, 20, 29, 30], [2, 7, 10, 20, 28], [3, 8, 14, 20, 28], [9, 10, 14, 17, 27], [2, 3, 16, 22, 23], [14, 15, 24], [10, 11], [0]]
24: input[11, 4]: [[11], [0], [6, 31], [8, 21, 26], [2, 19, 28], [9, 29, 30], [2, 7, 20], [8, 14, 28], [9, 10, 27], [2, 3, 16], [14, 15], [10], [3]]
25: input[11, 3]: [[11], [0], [6, 31], [8, 21, 26], [2, 16, 19, 28], [9, 14, 15, 20, 29, 30], [2, 7, 10, 20, 28], [3, 8, 14, 20, 28], [9, 10, 14, 17, 27], [2, 3, 16, 22, 23], [14, 15, 24], [10, 11], [0]]
26: input[11, 3]: [[11], [0], [6, 31], [8, 21, 26], [2, 19, 28], [9, 29, 30], [2, 7, 20], [8, 14, 28], [9, 10, 27], [2, 3, 16], [14, 15], [10], [3]]
27: input[10, 15]: [[10], [0, 3], [6, 14, 31], [8, 10, 21, 23, 26], [0, 2, 3, 16, 19, 24, 28], [6, 9, 11, 14, 15, 18, 20, 29, 30], [0, 2, 7, 8, 10, 20, 21, 28, 30], [2, 3, 6, 7, 8, 14, 20, 26, 27, 28, 31], [8, 9, 10, 14, 16, 17, 26, 27], [2, 3, 16, 22, 23], [14, 15, 24], [10, 11], [0]]
28: input[10, 15]: [[10], [0, 3], [6, 14, 31], [8, 10, 21, 23, 26], [0, 2, 19, 24, 28], [6, 9, 11, 18, 29, 30], [0, 2, 7, 20, 21, 30], [6, 7, 8, 14, 28, 31], [8, 9, 10, 26, 27], [2, 3, 16], [14, 15], [10], [3]]
29: input[10, 13]: [[10], [0, 3], [6, 14, 31], [8, 10, 21, 23, 26], [0, 2, 3, 16, 19, 24, 28], [6, 9, 11, 14, 15, 18, 20, 29, 30], [0, 2, 7, 8, 10, 20, 21, 28, 30], [2, 3, 6, 7, 8, 14, 20, 26, 27, 28, 31], [8, 9, 10, 14, 16, 17, 26, 27], [2, 3, 16, 22, 23], [14, 15, 24], [10, 11], [0]]
30: input[10, 13]: [[10], [0, 3], [6, 14, 31], [8, 10, 21, 23, 26], [0, 2, 19, 24, 28], [6, 9, 11, 18, 29, 30], [0, 2, 7, 20, 21, 30], [6, 7, 8, 14, 28, 31], [8, 9, 10, 26, 27], [2, 3, 16], [14, 15], [10], [3]]
31: input[11, 2]: [[11], [0], [6, 31], [8, 21, 26], [2, 16, 19, 28], [9, 14, 15, 20, 29, 30], [2, 7, 10, 20, 28], [3, 8, 14, 20, 28], [9, 10, 14, 17, 27], [2, 3, 16, 22, 23], [14, 15, 24], [10, 11], [0]]
32: input[11, 2]: [[11], [0], [6, 31], [8, 21, 26], [2, 19, 28], [9, 29, 30], [2, 7, 20], [8, 14, 28], [9, 10, 27], [2, 3, 16], [14, 15], [10], [3]]
33: input[11, 1]: [[11], [0], [6, 31], [8, 21, 26], [2, 16, 19, 28], [9, 14, 15, 20, 29, 30], [2, 7, 10, 20, 28], [3, 8, 14, 20, 28], [9, 10, 14, 17, 27], [2, 3, 16, 22, 23], [14, 15, 24], [10, 11], [0]]
34: input[11, 1]: [[11], [0], [6, 31], [8, 21, 26], [2, 19, 28], [9, 29, 30], [2, 7, 20], [8, 14, 28], [9, 10, 27], [2, 3, 16], [14, 15], [10], [3]]
35: input[10, 2]: [[10], [0, 3], [6, 14, 31], [8, 10, 21, 23, 26], [0, 2, 3, 16, 19, 24, 28], [6, 9, 11, 14, 15, 18, 20, 29, 30], [0, 2, 7, 8, 10, 20, 21, 28, 30], [2, 3, 6, 7, 8, 14, 20, 26, 27, 28, 31], [8, 9, 10, 14, 16, 17, 26, 27], [2, 3, 16, 22, 23], [14, 15, 24], [10, 11], [0]]
36: input[10, 2]: [[10], [0, 3], [6, 14, 31], [8, 10, 21, 23, 26], [0, 2, 19, 24, 28], [6, 9, 11, 18, 29, 30], [0, 2, 7, 20, 21, 30], [6, 7, 8, 14, 28, 31], [8, 9, 10, 26, 27], [2, 3, 16], [14, 15], [10], [3]]
37: input[15, 15]: [[15], [10], [0, 3], [6, 14, 31], [8, 10, 21, 23, 26], [0, 2, 19, 24, 28], [6, 9, 11, 29, 30], [0, 2, 7, 20, 21], [8, 28, 29, 31], [20, 26, 27], [16, 17], [22], [5]]
38: input[15, 15]: [[15], [10], [0, 3], [6, 14, 31], [8, 10, 21, 23, 26], [0, 2, 19, 24, 28], [6, 9, 11, 18, 29, 30], [0, 2, 7, 20, 21, 30], [6, 7, 8, 14, 28, 31], [8, 9, 10, 26, 27], [2, 3, 16], [14, 15], [10]]
39: input[15, 15]: [[15], [10], [0, 3], [6, 14, 31], [8, 10, 21, 23, 26], [0, 2, 19, 24, 27, 28], [6, 9, 11, 16, 20, 29, 30], [0, 2, 7, 15, 20, 21, 28], [8, 9, 10, 28, 29, 31], [2, 3, 20, 26, 27], [14, 16, 17], [22, 23], [24]]
40: input[15, 15]: [[15], [10], [0, 3], [6, 14, 31], [21, 23, 26], [16, 24, 28], [11, 20, 22], [0, 5, 17], [12, 22, 31], [24, 25, 26], [18, 19], [30], [7]]
41: input[15, 15]: [[15], [10], [0, 3], [6, 14, 31], [8, 10, 21, 23, 26], [2, 3, 16, 24, 27, 28], [9, 11, 14, 16, 20, 22], [0, 2, 5, 17, 22, 23], [12, 14, 22, 24, 31], [10, 11, 24, 25, 26], [0, 18, 19], [30, 31], [26]]
42: input[15, 14]: [[15], [10], [0, 3], [6, 14, 31], [21, 23, 26], [16, 24, 28], [11, 20, 22], [0, 5, 17], [12, 22, 31], [24, 25, 26], [18, 19], [30], [7]]
43: input[15, 14]: [[15], [10], [0, 3], [6, 14, 31], [8, 10, 21, 23, 26], [2, 3, 16, 24, 27, 28], [9, 11, 14, 16, 20, 22], [0, 2, 5, 17, 22, 23], [12, 14, 22, 24, 31], [10, 11, 24, 25, 26], [0, 18, 19], [30, 31], [26]]
44: input[15, 13]: [[15], [10], [0, 3], [6, 14, 31], [8, 10, 21, 23, 26], [0, 2, 19, 24, 28], [6, 9, 11, 29, 30], [0, 2, 7, 20, 21], [8, 28, 29, 31], [20, 26, 27], [16, 17], [22], [5]]
45: input[15, 13]: [[15], [10], [0, 3], [6, 14, 31], [8, 10, 21, 23, 26], [0, 2, 19, 24, 28], [6, 9, 11, 18, 29, 30], [0, 2, 7, 20, 21, 30], [6, 7, 8, 14, 28, 31], [8, 9, 10, 26, 27], [2, 3, 16], [14, 15], [10]]
46: input[15, 13]: [[15], [10], [0, 3], [6, 14, 31], [8, 10, 21, 23, 26], [0, 2, 19, 24, 27, 28], [6, 9, 11, 16, 20, 29, 30], [0, 2, 7, 15, 20, 21, 28], [8, 9, 10, 28, 29, 31], [2, 3, 20, 26, 27], [14, 16, 17], [22, 23], [24]]
47: input[15, 13]: [[15], [10], [0, 3], [6, 14, 31], [21, 23, 26], [16, 24, 28], [11, 20, 22], [0, 5, 17], [12, 22, 31], [24, 25, 26], [18, 19], [30], [7]]
48: input[15, 13]: [[15], [10], [0, 3], [6, 14, 31], [8, 10, 21, 23, 26], [2, 3, 16, 24, 27, 28], [9, 11, 14, 16, 20, 22], [0, 2, 5, 17, 22, 23], [12, 14, 22, 24, 31], [10, 11, 24, 25, 26], [0, 18, 19], [30, 31], [26]]
49: input[15, 12]: [[15], [10], [0, 3], [6, 14, 31], [21, 23, 26], [16, 24, 28], [11, 20, 22], [0, 5, 17], [12, 22, 31], [24, 25, 26], [18, 19], [30], [7]]
50: input[15, 12]: [[15], [10], [0, 3], [6, 14, 31], [8, 10, 21, 23, 26], [2, 3, 16, 24, 27, 28], [9, 11, 14, 16, 20, 22], [0, 2, 5, 17, 22, 23], [12, 14, 22, 24, 31], [10, 11, 24, 25, 26], [0, 18, 19], [30, 31], [26]]
51: input[15, 11]: [[15], [10], [0, 3], [6, 14, 31], [21, 23, 26], [16, 24, 28], [11, 20, 22], [0, 5, 17], [12, 22, 31], [24, 25, 26], [18, 19], [30], [7]]
52: input[15, 11]: [[15], [10], [0, 3], [6, 14, 31], [8, 10, 21, 23, 26], [2, 3, 16, 24, 27, 28], [9, 11, 14, 16, 20, 22], [0, 2, 5, 17, 22, 23], [12, 14, 22, 24, 31], [10, 11, 24, 25, 26], [0, 18, 19], [30, 31], [26]]
53: input[15, 10]: [[15], [10], [0, 3], [6, 14, 31], [21, 23, 26], [16, 24, 28], [11, 20, 22], [0, 5, 17], [12, 22, 31], [24, 25, 26], [18, 19], [30], [7]]
54: input[15, 10]: [[15], [10], [0, 3], [6, 14, 31], [8, 10, 21, 23, 26], [2, 3, 16, 24, 27, 28], [9, 11, 14, 16, 20, 22], [0, 2, 5, 17, 22, 23], [12, 14, 22, 24, 31], [10, 11, 24, 25, 26], [0, 18, 19], [30, 31], [26]]
55: input[15, 9]: [[15], [10], [0, 3], [6, 14, 31], [21, 23, 26], [16, 24, 28], [11, 20, 22], [0, 5, 17], [12, 22, 31], [24, 25, 26], [18, 19], [30], [7]]
56: input[15, 9]: [[15], [10], [0, 3], [6, 14, 31], [8, 10, 21, 23, 26], [2, 3, 16, 24, 27, 28], [9, 11, 14, 16, 20, 22], [0, 2, 5, 17, 22, 23], [12, 14, 22, 24, 31], [10, 11, 24, 25, 26], [0, 18, 19], [30, 31], [26]]
57: input[15, 8]: [[15], [10], [0, 3], [6, 14, 31], [21, 23, 26], [16, 24, 28], [11, 20, 22], [0, 5, 17], [12, 22, 31], [24, 25, 26], [18, 19], [30], [7]]
58: input[15, 8]: [[15], [10], [0, 3], [6, 14, 31], [8, 10, 21, 23, 26], [2, 3, 16, 24, 27, 28], [9, 11, 14, 16, 20, 22], [0, 2, 5, 17, 22, 23], [12, 14, 22, 24, 31], [10, 11, 24, 25, 26], [0, 18, 19], [30, 31], [26]]
59: input[15, 7]: [[15], [10], [0, 3], [6, 14, 31], [21, 23, 26], [16, 24, 28], [11, 20, 22], [0, 5, 17], [12, 22, 31], [24, 25, 26], [18, 19], [30], [7]]
60: input[15, 7]: [[15], [10], [0, 3], [6, 14, 31], [8, 10, 21, 23, 26], [2, 3, 16, 24, 27, 28], [9, 11, 14, 16, 20, 22], [0, 2, 5, 17, 22, 23], [12, 14, 22, 24, 31], [10, 11, 24, 25, 26], [0, 18, 19], [30, 31], [26]]
61: input[15, 6]: [[15], [10], [0, 3], [6, 14, 31], [21, 23, 26], [16, 24, 28], [11, 20, 22], [0, 5, 17], [12, 22, 31], [24, 25, 26], [18, 19], [30], [7]]
62: input[15, 6]: [[15], [10], [0, 3], [6, 14, 31], [8, 10, 21, 23, 26], [2, 3, 16, 24, 27, 28], [9, 11, 14, 16, 20, 22], [0, 2, 5, 17, 22, 23], [12, 14, 22, 24, 31], [10, 11, 24, 25, 26], [0, 18, 19], [30, 31], [26]]
63: input[15, 5]: [[15], [10], [0, 3], [6, 14, 31], [21, 23, 26], [16, 24, 28], [11, 20, 22], [0, 5, 17], [12, 22, 31], [24, 25, 26], [18, 19], [30], [7]]
64: input[15, 5]: [[15], [10], [0, 3], [6, 14, 31], [8, 10, 21, 23, 26], [2, 3, 16, 24, 27, 28], [9, 11, 14, 16, 20, 22], [0, 2, 5, 17, 22, 23], [12, 14, 22, 24, 31], [10, 11, 24, 25, 26], [0, 18, 19], [30, 31], [26]]
65: input[15, 4]: [[15], [10], [0, 3], [6, 14, 31], [21, 23, 26], [16, 24, 28], [11, 20, 22], [0, 5, 17], [12, 22, 31], [24, 25, 26], [18, 19], [30], [7]]
66: input[15, 4]: [[15], [10], [0, 3], [6, 14, 31], [8, 10, 21, 23, 26], [2, 3, 16, 24, 27, 28], [9, 11, 14, 16, 20, 22], [0, 2, 5, 17, 22, 23], [12, 14, 22, 24, 31], [10, 11, 24, 25, 26], [0, 18, 19], [30, 31], [26]]
67: input[15, 3]: [[15], [10], [0, 3], [6, 14, 31], [21, 23, 26], [16, 24, 28], [11, 20, 22], [0, 5, 17], [12, 22, 31], [24, 25, 26], [18, 19], [30], [7]]
68: input[15, 3]: [[15], [10], [0, 3], [6, 14, 31], [8, 10, 21, 23, 26], [2, 3, 16, 24, 27, 28], [9, 11, 14, 16, 20, 22], [0, 2, 5, 17, 22, 23], [12, 14, 22, 24, 31], [10, 11, 24, 25, 26], [0, 18, 19], [30, 31], [26]]
69: input[14, 15]: [[14], [10, 23], [0, 3, 24], [6, 11, 14, 18, 31], [0, 13, 21, 23, 26], [4, 16, 24, 28, 31], [11, 12, 20, 22, 26], [0, 4, 5, 16, 17, 19], [12, 22, 30, 31], [24, 25, 26], [18, 19], [30], [7]]
70: input[14, 15]: [[14], [10, 23], [0, 3, 24], [6, 11, 14, 18, 31], [0, 8, 10, 13, 21, 23, 26, 30], [2, 3, 4, 6, 7, 16, 24, 26, 27, 28, 31], [8, 9, 11, 12, 14, 16, 20, 22, 26], [0, 2, 4, 5, 16, 17, 19, 22, 23], [12, 14, 15, 22, 24, 30, 31], [10, 11, 24, 25, 26], [0, 18, 19], [30, 31], [26]]
71: input[14, 13]: [[14], [10, 23], [0, 3, 24], [6, 11, 14, 18, 31], [0, 13, 21, 23, 26], [4, 16, 24, 28, 31], [11, 12, 20, 22, 26], [0, 4, 5, 16, 17, 19], [12, 22, 30, 31], [24, 25, 26], [18, 19], [30], [7]]
72: input[14, 13]: [[14], [10, 23], [0, 3, 24], [6, 11, 14, 18, 31], [0, 8, 10, 13, 21, 23, 26, 30], [2, 3, 4, 6, 7, 16, 24, 26, 27, 28, 31], [8, 9, 11, 12, 14, 16, 20, 22, 26], [0, 2, 4, 5, 16, 17, 19, 22, 23], [12, 14, 15, 22, 24, 30, 31], [10, 11, 24, 25, 26], [0, 18, 19], [30, 31], [26]]
73: input[15, 2]: [[15], [10], [0, 3], [6, 14, 31], [8, 10, 21, 23, 26], [0, 2, 19, 24, 28], [6, 9, 11, 29, 30], [0, 2, 7, 20, 21], [8, 28, 29, 31], [20, 26, 27], [16, 17], [22], [5]]
74: input[15, 2]: [[15], [10], [0, 3], [6, 14, 31], [8, 10, 21, 23, 26], [0, 2, 19, 24, 28], [6, 9, 11, 18, 29, 30], [0, 2, 7, 20, 21, 30], [6, 7, 8, 14, 28, 31], [8, 9, 10, 26, 27], [2, 3, 16], [14, 15], [10]]
75: input[15, 2]: [[15], [10], [0, 3], [6, 14, 31], [8, 10, 21, 23, 26], [0, 2, 19, 24, 27, 28], [6, 9, 11, 16, 20, 29, 30], [0, 2, 7, 15, 20, 21, 28], [8, 9, 10, 28, 29, 31], [2, 3, 20, 26, 27], [14, 16, 17], [22, 23], [24]]
76: input[15, 2]: [[15], [10], [0, 3], [6, 14, 31], [21, 23, 26], [16, 24, 28], [11, 20, 22], [0, 5, 17], [12, 22, 31], [24, 25, 26], [18, 19], [30], [7]]
77: input[15, 2]: [[15], [10], [0, 3], [6, 14, 31], [8, 10, 21, 23, 26], [2, 3, 16, 24, 27, 28], [9, 11, 14, 16, 20, 22], [0, 2, 5, 17, 22, 23], [12, 14, 22, 24, 31], [10, 11, 24, 25, 26], [0, 18, 19], [30, 31], [26]]
78: input[15, 1]: [[15], [10], [0, 3], [6, 14, 31], [21, 23, 26], [16, 24, 28], [11, 20, 22], [0, 5, 17], [12, 22, 31], [24, 25, 26], [18, 19], [30], [7]]
79: input[15, 1]: [[15], [10], [0, 3], [6, 14, 31], [8, 10, 21, 23, 26], [2, 3, 16, 24, 27, 28], [9, 11, 14, 16, 20, 22], [0, 2, 5, 17, 22, 23], [12, 14, 22, 24, 31], [10, 11, 24, 25, 26], [0, 18, 19], [30, 31], [26]]
80: input[14, 2]: [[14], [10, 23], [0, 3, 24], [6, 11, 14, 18, 31], [0, 13, 21, 23, 26], [4, 16, 24, 28, 31], [11, 12, 20, 22, 26], [0, 4, 5, 16, 17, 19], [12, 22, 30, 31], [24, 25, 26], [18, 19], [30], [7]]
81: input[14, 2]: [[14], [10, 23], [0, 3, 24], [6, 11, 14, 18, 31], [0, 8, 10, 13, 21, 23, 26, 30], [2, 3, 4, 6, 7, 16, 24, 26, 27, 28, 31], [8, 9, 11, 12, 14, 16, 20, 22, 26], [0, 2, 4, 5, 16, 17, 19, 22, 23], [12, 14, 15, 22, 24, 30, 31], [10, 11, 24, 25, 26], [0, 18, 19], [30, 31], [26]]
82: input[3, 15]: [[3], [14], [10, 23], [0, 3, 24], [6, 11, 14, 18, 31], [0, 8, 10, 13, 21, 26], [2, 3, 4, 6, 16, 28, 31], [1, 12, 14, 15, 20, 21, 26], [4, 6, 10, 19, 28], [0, 1, 20, 21, 30], [6, 7, 28], [8, 9], [2]]
83: input[3, 15]: [[3], [14], [10, 23], [0, 3, 24], [6, 11, 14, 18, 31], [0, 8, 10, 13, 26], [2, 3, 4, 16, 31], [12, 14, 15, 26], [4, 10, 19], [0, 1, 30], [6, 7], [8], [27]]
84: input[3, 15]: [[3], [14], [10, 23], [0, 3, 24], [11, 14, 18, 31], [0, 13, 23, 26], [4, 19, 24, 31], [1, 11, 26, 30], [0, 6, 7, 19], [8, 30, 31], [26, 27], [16], [15]]
85: input[3, 15]: [[3], [14], [10, 23], [0, 3, 24], [6, 11, 14, 18, 31], [0, 8, 10, 13, 21, 23, 26, 30], [0, 2, 4, 6, 7, 19, 24, 28, 31], [1, 6, 8, 9, 11, 26, 29, 30], [0, 2, 6, 7, 19, 20, 21], [8, 28, 29, 30, 31], [20, 26, 27], [16, 17], [22]]
86: input[3, 15]: [[3], [14], [10, 23], [0, 3, 24], [6, 11, 14, 18, 31], [0, 13, 21, 23, 26], [4, 16, 24, 28, 31], [11, 12, 20, 22, 26], [0, 4, 5, 16, 17, 19], [12, 22, 30, 31], [24, 25, 26], [18, 19], [30]]
87: input[3, 14]: [[3], [14], [10, 23], [0, 3, 24], [6, 11, 14, 18, 31], [0, 8, 10, 13, 21, 26], [2, 3, 4, 6, 16, 28, 31], [1, 12, 14, 15, 20, 21, 26], [4, 6, 10, 19, 28], [0, 1, 20, 21, 30], [6, 7, 28], [8, 9], [2]]
88: input[3, 14]: [[3], [14], [10, 23], [0, 3, 24], [6, 11, 14, 18, 31], [0, 8, 10, 13, 26], [2, 3, 4, 16, 31], [12, 14, 15, 26], [4, 10, 19], [0, 1, 30], [6, 7], [8], [27]]
89: input[3, 13]: [[3], [14], [10, 23], [0, 3, 24], [6, 11, 14, 18, 31], [0, 8, 10, 13, 21, 26], [2, 3, 4, 6, 16, 28, 31], [1, 12, 14, 15, 20, 21, 26], [4, 6, 10, 19, 28], [0, 1, 20, 21, 30], [6, 7, 28], [8, 9], [2]]
90: input[3, 13]: [[3], [14], [10, 23], [0, 3, 24], [6, 11, 14, 18, 31], [0, 8, 10, 13, 26], [2, 3, 4, 16, 31], [12, 14, 15, 26], [4, 10, 19], [0, 1, 30], [6, 7], [8], [27]]
91: input[3, 13]: [[3], [14], [10, 23], [0, 3, 24], [11, 14, 18, 31], [0, 13, 23, 26], [4, 19, 24, 31], [1, 11, 26, 30], [0, 6, 7, 19], [8, 30, 31], [26, 27], [16], [15]]
92: input[3, 13]: [[3], [14], [10, 23], [0, 3, 24], [6, 11, 14, 18, 31], [0, 8, 10, 13, 21, 23, 26, 30], [0, 2, 4, 6, 7, 19, 24, 28, 31], [1, 6, 8, 9, 11, 26, 29, 30], [0, 2, 6, 7, 19, 20, 21], [8, 28, 29, 30, 31], [20, 26, 27], [16, 17], [22]]
93: input[3, 13]: [[3], [14], [10, 23], [0, 3, 24], [6, 11, 14, 18, 31], [0, 13, 21, 23, 26], [4, 16, 24, 28, 31], [11, 12, 20, 22, 26], [0, 4, 5, 16, 17, 19], [12, 22, 30, 31], [24, 25, 26], [18, 19], [30]]
94: input[3, 12]: [[3], [14], [10, 23], [0, 3, 24], [6, 11, 14, 18, 31], [0, 8, 10, 13, 21, 26], [2, 3, 4, 6, 16, 28, 31], [1, 12, 14, 15, 20, 21, 26], [4, 6, 10, 19, 28], [0, 1, 20, 21, 30], [6, 7, 28], [8, 9], [2]]
95: input[3, 12]: [[3], [14], [10, 23], [0, 3, 24], [6, 11, 14, 18, 31], [0, 8, 10, 13, 26], [2, 3, 4, 16, 31], [12, 14, 15, 26], [4, 10, 19], [0, 1, 30], [6, 7], [8], [27]]
96: input[3, 11]: [[3], [14], [10, 23], [0, 3, 24], [6, 11, 14, 18, 31], [0, 8, 10, 13, 21, 26], [2, 3, 4, 6, 16, 28, 31], [1, 12, 14, 15, 20, 21, 26], [4, 6, 10, 19, 28], [0, 1, 20, 21, 30], [6, 7, 28], [8, 9], [2]]
97: input[3, 11]: [[3], [14], [10, 23], [0, 3, 24], [6, 11, 14, 18, 31], [0, 8, 10, 13, 26], [2, 3, 4, 16, 31], [12, 14, 15, 26], [4, 10, 19], [0, 1, 30], [6, 7], [8], [27]]
98: input[3, 10]: [[3], [14], [10, 23], [0, 3, 24], [6, 11, 14, 18, 31], [0, 8, 10, 13, 21, 26], [2, 3, 4, 6, 16, 28, 31], [1, 12, 14, 15, 20, 21, 26], [4, 6, 10, 19, 28], [0, 1, 20, 21, 30], [6, 7, 28], [8, 9], [2]]
99: input[3, 10]: [[3], [14], [10, 23], [0, 3, 24], [6, 11, 14, 18, 31], [0, 8, 10, 13, 26], [2, 3, 4, 16, 31], [12, 14, 15, 26], [4, 10, 19], [0, 1, 30], [6, 7], [8], [27]]
100: input[3, 9]: [[3], [14], [10, 23], [0, 3, 24], [6, 11, 14, 18, 31], [0, 8, 10, 13, 21, 26], [2, 3, 4, 6, 16, 28, 31], [1, 12, 14, 15, 20, 21, 26], [4, 6, 10, 19, 28], [0, 1, 20, 21, 30], [6, 7, 28], [8, 9], [2]]
101: input[3, 9]: [[3], [14], [10, 23], [0, 3, 24], [6, 11, 14, 18, 31], [0, 8, 10, 13, 26], [2, 3, 4, 16, 31], [12, 14, 15, 26], [4, 10, 19], [0, 1, 30], [6, 7], [8], [27]]
102: input[3, 8]: [[3], [14], [10, 23], [0, 3, 24], [6, 11, 14, 18, 31], [0, 8, 10, 13, 21, 26], [2, 3, 4, 6, 16, 28, 31], [1, 12, 14, 15, 20, 21, 26], [4, 6, 10, 19, 28], [0, 1, 20, 21, 30], [6, 7, 28], [8, 9], [2]]
103: input[3, 8]: [[3], [14], [10, 23], [0, 3, 24], [6, 11, 14, 18, 31], [0, 8, 10, 13, 26], [2, 3, 4, 16, 31], [12, 14, 15, 26], [4, 10, 19], [0, 1, 30], [6, 7], [8], [27]]
104: input[3, 7]: [[3], [14], [10, 23], [0, 3, 24], [6, 11, 14, 18, 31], [0, 8, 10, 13, 21, 26], [2, 3, 4, 6, 16, 28, 31], [1, 12, 14, 15, 20, 21, 26], [4, 6, 10, 19, 28], [0, 1, 20, 21, 30], [6, 7, 28], [8, 9], [2]]
105: input[3, 7]: [[3], [14], [10, 23], [0, 3, 24], [6, 11, 14, 18, 31], [0, 8, 10, 13, 26], [2, 3, 4, 16, 31], [12, 14, 15, 26], [4, 10, 19], [0, 1, 30], [6, 7], [8], [27]]
106: input[3, 6]: [[3], [14], [10, 23], [0, 3, 24], [6, 11, 14, 18, 31], [0, 8, 10, 13, 21, 26], [2, 3, 4, 6, 16, 28, 31], [1, 12, 14, 15, 20, 21, 26], [4, 6, 10, 19, 28], [0, 1, 20, 21, 30], [6, 7, 28], [8, 9], [2]]
107: input[3, 6]: [[3], [14], [10, 23], [0, 3, 24], [6, 11, 14, 18, 31], [0, 8, 10, 13, 26], [2, 3, 4, 16, 31], [12, 14, 15, 26], [4, 10, 19], [0, 1, 30], [6, 7], [8], [27]]
108: input[3, 5]: [[3], [14], [10, 23], [0, 3, 24], [6, 11, 14, 18, 31], [0, 8, 10, 13, 21, 26], [2, 3, 4, 6, 16, 28, 31], [1, 12, 14, 15, 20, 21, 26], [4, 6, 10, 19, 28], [0, 1, 20, 21, 30], [6, 7, 28], [8, 9], [2]]
109: input[3, 5]: [[3], [14], [10, 23], [0, 3, 24], [6, 11, 14, 18, 31], [0, 8, 10, 13, 26], [2, 3, 4, 16, 31], [12, 14, 15, 26], [4, 10, 19], [0, 1, 30], [6, 7], [8], [27]]
110: input[3, 4]: [[3], [14], [10, 23], [0, 3, 24], [6, 11, 14, 18, 31], [0, 8, 10, 13, 21, 26], [2, 3, 4, 6, 16, 28, 31], [1, 12, 14, 15, 20, 21, 26], [4, 6, 10, 19, 28], [0, 1, 20, 21, 30], [6, 7, 28], [8, 9], [2]]
111: input[3, 4]: [[3], [14], [10, 23], [0, 3, 24], [6, 11, 14, 18, 31], [0, 8, 10, 13, 26], [2, 3, 4, 16, 31], [12, 14, 15, 26], [4, 10, 19], [0, 1, 30], [6, 7], [8], [27]]
112: input[3, 3]: [[3], [14], [10, 23], [0, 3, 24], [6, 11, 14, 18, 31], [0, 8, 10, 13, 21, 26], [2, 3, 4, 6, 16, 28, 31], [1, 12, 14, 15, 20, 21, 26], [4, 6, 10, 19, 28], [0, 1, 20, 21, 30], [6, 7, 28], [8, 9], [2]]
113: input[3, 3]: [[3], [14], [10, 23], [0, 3, 24], [6, 11, 14, 18, 31], [0, 8, 10, 13, 26], [2, 3, 4, 16, 31], [12, 14, 15, 26], [4, 10, 19], [0, 1, 30], [6, 7], [8], [27]]
114: input[3, 2]: [[3], [14], [10, 23], [0, 3, 24], [6, 11, 14, 18, 31], [0, 8, 10, 13, 21, 26], [2, 3, 4, 6, 16, 28, 31], [1, 12, 14, 15, 20, 21, 26], [4, 6, 10, 19, 28], [0, 1, 20, 21, 30], [6, 7, 28], [8, 9], [2]]
115: input[3, 2]: [[3], [14], [10, 23], [0, 3, 24], [6, 11, 14, 18, 31], [0, 8, 10, 13, 26], [2, 3, 4, 16, 31], [12, 14, 15, 26], [4, 10, 19], [0, 1, 30], [6, 7], [8], [27]]
116: input[3, 2]: [[3], [14], [10, 23], [0, 3, 24], [11, 14, 18, 31], [0, 13, 23, 26], [4, 19, 24, 31], [1, 11, 26, 30], [0, 6, 7, 19], [8, 30, 31], [26, 27], [16], [15]]
117: input[3, 2]: [[3], [14], [10, 23], [0, 3, 24], [6, 11, 14, 18, 31], [0, 8, 10, 13, 21, 23, 26, 30], [0, 2, 4, 6, 7, 19, 24, 28, 31], [1, 6, 8, 9, 11, 26, 29, 30], [0, 2, 6, 7, 19, 20, 21], [8, 28, 29, 30, 31], [20, 26, 27], [16, 17], [22]]
118: input[3, 2]: [[3], [14], [10, 23], [0, 3, 24], [6, 11, 14, 18, 31], [0, 13, 21, 23, 26], [4, 16, 24, 28, 31], [11, 12, 20, 22, 26], [0, 4, 5, 16, 17, 19], [12, 22, 30, 31], [24, 25, 26], [18, 19], [30]]
119: input[3, 1]: [[3], [14], [10, 23], [0, 3, 24], [6, 11, 14, 18, 31], [0, 8, 10, 13, 21, 26], [2, 3, 4, 6, 16, 28, 31], [1, 12, 14, 15, 20, 21, 26], [4, 6, 10, 19, 28], [0, 1, 20, 21, 30], [6, 7, 28], [8, 9], [2]]
120: input[3, 1]: [[3], [14], [10, 23], [0, 3, 24], [6, 11, 14, 18, 31], [0, 8, 10, 13, 26], [2, 3, 4, 16, 31], [12, 14, 15, 26], [4, 10, 19], [0, 1, 30], [6, 7], [8], [27]]
121: input[27, 15]: [[27], [16], [15, 22], [5, 10, 24], [0, 3, 12, 18], [4, 13, 14, 25, 30, 31], [4, 12, 18, 23, 26], [4, 12, 19, 24, 30], [1, 11, 25, 26, 30], [0, 6, 7, 18, 19], [8, 30, 31], [26, 27], [16]]
122: input[27, 15]: [[27], [16], [15, 22], [5, 10, 24], [3, 12, 18], [13, 14, 25], [4, 18, 23], [12, 24, 30], [11, 25, 26], [0, 18, 19], [30, 31], [26], [19]]
123: input[27, 14]: [[27], [16], [15, 22], [5, 10, 24], [0, 3, 12, 18], [4, 13, 14, 25, 30, 31], [4, 12, 18, 23, 26], [4, 12, 19, 24, 30], [1, 11, 25, 26, 30], [0, 6, 7, 18, 19], [8, 30, 31], [26, 27], [16]]
124: input[27, 14]: [[27], [16], [15, 22], [5, 10, 24], [3, 12, 18], [13, 14, 25], [4, 18, 23], [12, 24, 30], [11, 25, 26], [0, 18, 19], [30, 31], [26], [19]]
125: input[27, 13]: [[27], [16], [15, 22], [5, 10, 24], [0, 3, 12, 18], [4, 13, 14, 25, 30, 31], [4, 12, 18, 23, 26], [4, 12, 19, 24, 30], [1, 11, 25, 26, 30], [0, 6, 7, 18, 19], [8, 30, 31], [26, 27], [16]]
126: input[27, 13]: [[27], [16], [15, 22], [5, 10, 24], [3, 12, 18], [13, 14, 25], [4, 18, 23], [12, 24, 30], [11, 25, 26], [0, 18, 19], [30, 31], [26], [19]]
127: input[27, 12]: [[27], [16], [15, 22], [5, 10, 24], [0, 3, 12, 18], [4, 13, 14, 25, 30, 31], [4, 12, 18, 23, 26], [4, 12, 19, 24, 30], [1, 11, 25, 26, 30], [0, 6, 7, 18, 19], [8, 30, 31], [26, 27], [16]]
128: input[27, 12]: [[27], [16], [15, 22], [5, 10, 24], [3, 12, 18], [13, 14, 25], [4, 18, 23], [12, 24, 30], [11, 25, 26], [0, 18, 19], [30, 31], [26], [19]]
129: input[27, 11]: [[27], [16], [15, 22], [5, 10, 24], [0, 3, 12, 18], [4, 13, 14, 25, 30, 31], [4, 12, 18, 23, 26], [4, 12, 19, 24, 30], [1, 11, 25, 26, 30], [0, 6, 7, 18, 19], [8, 30, 31], [26, 27], [16]]
130: input[27, 11]: [[27], [16], [15, 22], [5, 10, 24], [3, 12, 18], [13, 14, 25], [4, 18, 23], [12, 24, 30], [11, 25, 26], [0, 18, 19], [30, 31], [26], [19]]
131: input[27, 10]: [[27], [16], [15, 22], [5, 10, 24], [0, 3, 12, 18], [4, 13, 14, 25, 30, 31], [4, 12, 18, 23, 26], [4, 12, 19, 24, 30], [1, 11, 25, 26, 30], [0, 6, 7, 18, 19], [8, 30, 31], [26, 27], [16]]
132: input[27, 10]: [[27], [16], [15, 22], [5, 10, 24], [3, 12, 18], [13, 14, 25], [4, 18, 23], [12, 24, 30], [11, 25, 26], [0, 18, 19], [30, 31], [26], [19]]
133: input[27, 9]: [[27], [16], [15, 22], [5, 10, 24], [0, 3, 12, 18], [4, 13, 14, 25, 30, 31], [4, 12, 18, 23, 26], [4, 12, 19, 24, 30], [1, 11, 25, 26, 30], [0, 6, 7, 18, 19], [8, 30, 31], [26, 27], [16]]
134: input[27, 9]: [[27], [16], [15, 22], [5, 10, 24], [3, 12, 18], [13, 14, 25], [4, 18, 23], [12, 24, 30], [11, 25, 26], [0, 18, 19], [30, 31], [26], [19]]
135: input[27, 8]: [[27], [16], [15, 22], [5, 10, 24], [0, 3, 12, 18], [4, 13, 14, 25, 30, 31], [4, 12, 18, 23, 26], [4, 12, 19, 24, 30], [1, 11, 25, 26, 30], [0, 6, 7, 18, 19], [8, 30, 31], [26, 27], [16]]
136: input[27, 8]: [[27], [16], [15, 22], [5, 10, 24], [3, 12, 18], [13, 14, 25], [4, 18, 23], [12, 24, 30], [11, 25, 26], [0, 18, 19], [30, 31], [26], [19]]
137: input[27, 7]: [[27], [16], [15, 22], [5, 10, 24], [0, 3, 12, 18], [4, 13, 14, 25, 30, 31], [4, 12, 18, 23, 26], [4, 12, 19, 24, 30], [1, 11, 25, 26, 30], [0, 6, 7, 18, 19], [8, 30, 31], [26, 27], [16]]
138: input[27, 7]: [[27], [16], [15, 22], [5, 10, 24], [3, 12, 18], [13, 14, 25], [4, 18, 23], [12, 24, 30], [11, 25, 26], [0, 18, 19], [30, 31], [26], [19]]
139: input[27, 6]: [[27], [16], [15, 22], [5, 10, 24], [0, 3, 12, 18], [4, 13, 14, 25, 30, 31], [4, 12, 18, 23, 26], [4, 12, 19, 24, 30], [1, 11, 25, 26, 30], [0, 6, 7, 18, 19], [8, 30, 31], [26, 27], [16]]
140: input[27, 6]: [[27], [16], [15, 22], [5, 10, 24], [3, 12, 18], [13, 14, 25], [4, 18, 23], [12, 24, 30], [11, 25, 26], [0, 18, 19], [30, 31], [26], [19]]
141: input[27, 5]: [[27], [16], [15, 22], [5, 10, 24], [0, 3, 12, 18], [4, 13, 14, 25, 30, 31], [4, 12, 18, 23, 26], [4, 12, 19, 24, 30], [1, 11, 25, 26, 30], [0, 6, 7, 18, 19], [8, 30, 31], [26, 27], [16]]
142: input[27, 5]: [[27], [16], [15, 22], [5, 10, 24], [3, 12, 18], [13, 14, 25], [4, 18, 23], [12, 24, 30], [11, 25, 26], [0, 18, 19], [30, 31], [26], [19]]
143: input[27, 4]: [[27], [16], [15, 22], [5, 10, 24], [0, 3, 12, 18], [4, 13, 14, 25, 30, 31], [4, 12, 18, 23, 26], [4, 12, 19, 24, 30], [1, 11, 25, 26, 30], [0, 6, 7, 18, 19], [8, 30, 31], [26, 27], [16]]
144: input[27, 4]: [[27], [16], [15, 22], [5, 10, 24], [3, 12, 18], [13, 14, 25], [4, 18, 23], [12, 24, 30], [11, 25, 26], [0, 18, 19], [30, 31], [26], [19]]
145: input[27, 3]: [[27], [16], [15, 22], [5, 10, 24], [0, 3, 12, 18], [4, 13, 14, 25, 30, 31], [4, 12, 18, 23, 26], [4, 12, 19, 24, 30], [1, 11, 25, 26, 30], [0, 6, 7, 18, 19], [8, 30, 31], [26, 27], [16]]
146: input[27, 3]: [[27], [16], [15, 22], [5, 10, 24], [3, 12, 18], [13, 14, 25], [4, 18, 23], [12, 24, 30], [11, 25, 26], [0, 18, 19], [30, 31], [26], [19]]
147: input[26, 15]: [[26], [16, 19], [15, 22, 30], [5, 7, 10, 24, 26], [0, 3, 8, 12, 16, 18, 19], [2, 4, 13, 14, 22, 25, 27, 30, 31], [4, 5, 12, 14, 16, 18, 23, 24, 26], [4, 10, 11, 12, 15, 18, 19, 22, 23, 24, 30], [0, 1, 10, 11, 24, 25, 26, 30], [0, 6, 7, 18, 19], [8, 30, 31], [26, 27], [16]]
148: input[26, 15]: [[26], [16, 19], [15, 22, 30], [5, 7, 10, 24, 26], [3, 8, 12, 16, 18], [2, 13, 14, 22, 25, 27], [4, 5, 14, 16, 18, 23], [12, 15, 22, 23, 24, 30], [10, 11, 24, 25, 26], [0, 18, 19], [30, 31], [26], [19]]
149: input[26, 13]: [[26], [16, 19], [15, 22, 30], [5, 7, 10, 24, 26], [0, 3, 8, 12, 16, 18, 19], [2, 4, 13, 14, 22, 25, 27, 30, 31], [4, 5, 12, 14, 16, 18, 23, 24, 26], [4, 10, 11, 12, 15, 18, 19, 22, 23, 24, 30], [0, 1, 10, 11, 24, 25, 26, 30], [0, 6, 7, 18, 19], [8, 30, 31], [26, 27], [16]]
150: input[26, 13]: [[26], [16, 19], [15, 22, 30], [5, 7, 10, 24, 26], [3, 8, 12, 16, 18], [2, 13, 14, 22, 25, 27], [4, 5, 14, 16, 18, 23], [12, 15, 22, 23, 24, 30], [10, 11, 24, 25, 26], [0, 18, 19], [30, 31], [26], [19]]
151: input[27, 2]: [[27], [16], [15, 22], [5, 10, 24], [0, 3, 12, 18], [4, 13, 14, 25, 30, 31], [4, 12, 18, 23, 26], [4, 12, 19, 24, 30], [1, 11, 25, 26, 30], [0, 6, 7, 18, 19], [8, 30, 31], [26, 27], [16]]
152: input[27, 2]: [[27], [16], [15, 22], [5, 10, 24], [3, 12, 18], [13, 14, 25], [4, 18, 23], [12, 24, 30], [11, 25, 26], [0, 18, 19], [30, 31], [26], [19]]
153: input[27, 1]: [[27], [16], [15, 22], [5, 10, 24], [0, 3, 12, 18], [4, 13, 14, 25, 30, 31], [4, 12, 18, 23, 26], [4, 12, 19, 24, 30], [1, 11, 25, 26, 30], [0, 6, 7, 18, 19], [8, 30, 31], [26, 27], [16]]
154: input[27, 1]: [[27], [16], [15, 22], [5, 10, 24], [3, 12, 18], [13, 14, 25], [4, 18, 23], [12, 24, 30], [11, 25, 26], [0, 18, 19], [30, 31], [26], [19]]
155: input[26, 2]: [[26], [16, 19], [15, 22, 30], [5, 7, 10, 24, 26], [0, 3, 8, 12, 16, 18, 19], [2, 4, 13, 14, 22, 25, 27, 30, 31], [4, 5, 12, 14, 16, 18, 23, 24, 26], [4, 10, 11, 12, 15, 18, 19, 22, 23, 24, 30], [0, 1, 10, 11, 24, 25, 26, 30], [0, 6, 7, 18, 19], [8, 30, 31], [26, 27], [16]]
156: input[26, 2]: [[26], [16, 19], [15, 22, 30], [5, 7, 10, 24, 26], [3, 8, 12, 16, 18], [2, 13, 14, 22, 25, 27], [4, 5, 14, 16, 18, 23], [12, 15, 22, 23, 24, 30], [10, 11, 24, 25, 26], [0, 18, 19], [30, 31], [26], [19]]
157: input[31, 15]: [[31], [26], [16, 19], [15, 22, 30], [5, 7, 10, 24, 26], [3, 8, 11, 12, 16, 18], [0, 4, 13, 14, 22, 25, 27], [4, 5, 12, 16, 18, 23, 31], [12, 13, 15, 24, 25, 26], [4, 10, 11, 18, 19], [0, 1, 30], [6, 7], [8]]
158: input[31, 15]: [[31], [26], [16, 19], [15, 22, 30], [5, 7, 10, 24, 26], [3, 8, 12, 16, 18], [13, 14, 22, 25, 27], [4, 5, 16, 18, 23], [12, 13, 15, 24], [4, 10, 11], [0, 1], [6], [21]]
159: input[31, 15]: [[31], [26], [16, 19], [15, 22, 30], [5, 7, 10, 24, 26], [3, 8, 12, 16, 18], [2, 13, 14, 22, 25, 27], [4, 5, 14, 16, 18, 23], [12, 15, 22, 23, 24, 30], [10, 11, 24, 25, 26], [0, 18, 19], [30, 31], [26]]
160: input[31, 15]: [[31], [26], [16, 19], [15, 22, 30], [5, 7, 10, 24, 26], [0, 8, 11, 12, 18, 19], [0, 4, 6, 25, 27, 30], [1, 6, 7, 16, 18, 21], [6, 8, 15, 28, 30], [8, 9, 10, 26, 27], [2, 3, 16], [14, 15], [10]]
161: input[31, 15]: [[31], [26], [16, 19], [15, 22, 30], [5, 7, 10], [0, 8, 12], [4, 6, 27], [1, 16, 21], [6, 15, 28], [8, 9, 10], [2, 3], [14], [23]]
162: input[31, 14]: [[31], [26], [16, 19], [15, 22, 30], [5, 7, 10, 24, 26], [0, 8, 11, 12, 18, 19], [0, 4, 6, 25, 27, 30], [1, 6, 7, 16, 18, 21], [6, 8, 15, 28, 30], [8, 9, 10, 26, 27], [2, 3, 16], [14, 15], [10]]
163: input[31, 14]: [[31], [26], [16, 19], [15, 22, 30], [5, 7, 10], [0, 8, 12], [4, 6, 27], [1, 16, 21], [6, 15, 28], [8, 9, 10], [2, 3], [14], [23]]
164: input[31, 13]: [[31], [26], [16, 19], [15, 22, 30], [5, 7, 10, 24, 26], [3, 8, 11, 12, 16, 18], [0, 4, 13, 14, 22, 25, 27], [4, 5, 12, 16, 18, 23, 31], [12, 13, 15, 24, 25, 26], [4, 10, 11, 18, 19], [0, 1, 30], [6, 7], [8]]
165: input[31, 13]: [[31], [26], [16, 19], [15, 22, 30], [5, 7, 10, 24, 26], [3, 8, 12, 16, 18], [13, 14, 22, 25, 27], [4, 5, 16, 18, 23], [12, 13, 15, 24], [4, 10, 11], [0, 1], [6], [21]]
166: input[31, 13]: [[31], [26], [16, 19], [15, 22, 30], [5, 7, 10, 24, 26], [3, 8, 12, 16, 18], [2, 13, 14, 22, 25, 27], [4, 5, 14, 16, 18, 23], [12, 15, 22, 23, 24, 30], [10, 11, 24, 25, 26], [0, 18, 19], [30, 31], [26]]
167: input[31, 13]: [[31], [26], [16, 19], [15, 22, 30], [5, 7, 10, 24, 26], [0, 8, 11, 12, 18, 19], [0, 4, 6, 25, 27, 30], [1, 6, 7, 16, 18, 21], [6, 8, 15, 28, 30], [8, 9, 10, 26, 27], [2, 3, 16], [14, 15], [10]]
168: input[31, 13]: [[31], [26], [16, 19], [15, 22, 30], [5, 7, 10], [0, 8, 12], [4, 6, 27], [1, 16, 21], [6, 15, 28], [8, 9, 10], [2, 3], [14], [23]]
169: input[31, 12]: [[31], [26], [16, 19], [15, 22, 30], [5, 7, 10, 24, 26], [0, 8, 11, 12, 18, 19], [0, 4, 6, 25, 27, 30], [1, 6, 7, 16, 18, 21], [6, 8, 15, 28, 30], [8, 9, 10, 26, 27], [2, 3, 16], [14, 15], [10]]
170: input[31, 12]: [[31], [26], [16, 19], [15, 22, 30], [5, 7, 10], [0, 8, 12], [4, 6, 27], [1, 16, 21], [6, 15, 28], [8, 9, 10], [2, 3], [14], [23]]
171: input[31, 11]: [[31], [26], [16, 19], [15, 22, 30], [5, 7, 10, 24, 26], [0, 8, 11, 12, 18, 19], [0, 4, 6, 25, 27, 30], [1, 6, 7, 16, 18, 21], [6, 8, 15, 28, 30], [8, 9, 10, 26, 27], [2, 3, 16], [14, 15], [10]]
172: input[31, 11]: [[31], [26], [16, 19], [15, 22, 30], [5, 7, 10], [0, 8, 12], [4, 6, 27], [1, 16, 21], [6, 15, 28], [8, 9, 10], [2, 3], [14], [23]]
173: input[31, 10]: [[31], [26], [16, 19], [15, 22, 30], [5, 7, 10, 24, 26], [0, 8, 11, 12, 18, 19], [0, 4, 6, 25, 27, 30], [1, 6, 7, 16, 18, 21], [6, 8, 15, 28, 30], [8, 9, 10, 26, 27], [2, 3, 16], [14, 15], [10]]
174: input[31, 10]: [[31], [26], [16, 19], [15, 22, 30], [5, 7, 10], [0, 8, 12], [4, 6, 27], [1, 16, 21], [6, 15, 28], [8, 9, 10], [2, 3], [14], [23]]
175: input[31, 9]: [[31], [26], [16, 19], [15, 22, 30], [5, 7, 10, 24, 26], [0, 8, 11, 12, 18, 19], [0, 4, 6, 25, 27, 30], [1, 6, 7, 16, 18, 21], [6, 8, 15, 28, 30], [8, 9, 10, 26, 27], [2, 3, 16], [14, 15], [10]]
176: input[31, 9]: [[31], [26], [16, 19], [15, 22, 30], [5, 7, 10], [0, 8, 12], [4, 6, 27], [1, 16, 21], [6, 15, 28], [8, 9, 10], [2, 3], [14], [23]]
177: input[31, 8]: [[31], [26], [16, 19], [15, 22, 30], [5, 7, 10, 24, 26], [0, 8, 11, 12, 18, 19], [0, 4, 6, 25, 27, 30], [1, 6, 7, 16, 18, 21], [6, 8, 15, 28, 30], [8, 9, 10, 26, 27], [2, 3, 16], [14, 15], [10]]
178: input[31, 8]: [[31], [26], [16, 19], [15, 22, 30], [5, 7, 10], [0, 8, 12], [4, 6, 27], [1, 16, 21], [6, 15, 28], [8, 9, 10], [2, 3], [14], [23]]
179: input[31, 7]: [[31], [26], [16, 19], [15, 22, 30], [5, 7, 10, 24, 26], [0, 8, 11, 12, 18, 19], [0, 4, 6, 25, 27, 30], [1, 6, 7, 16, 18, 21], [6, 8, 15, 28, 30], [8, 9, 10, 26, 27], [2, 3, 16], [14, 15], [10]]
180: input[31, 7]: [[31], [26], [16, 19], [15, 22, 30], [5, 7, 10], [0, 8, 12], [4, 6, 27], [1, 16, 21], [6, 15, 28], [8, 9, 10], [2, 3], [14], [23]]
181: input[31, 6]: [[31], [26], [16, 19], [15, 22, 30], [5, 7, 10, 24, 26], [0, 8, 11, 12, 18, 19], [0, 4, 6, 25, 27, 30], [1, 6, 7, 16, 18, 21], [6, 8, 15, 28, 30], [8, 9, 10, 26, 27], [2, 3, 16], [14, 15], [10]]
182: input[31, 6]: [[31], [26], [16, 19], [15, 22, 30], [5, 7, 10], [0, 8, 12], [4, 6, 27], [1, 16, 21], [6, 15, 28], [8, 9, 10], [2, 3], [14], [23]]
183: input[31, 5]: [[31], [26], [16, 19], [15, 22, 30], [5, 7, 10, 24, 26], [0, 8, 11, 12, 18, 19], [0, 4, 6, 25, 27, 30], [1, 6, 7, 16, 18, 21], [6, 8, 15, 28, 30], [8, 9, 10, 26, 27], [2, 3, 16], [14, 15], [10]]
184: input[31, 5]: [[31], [26], [16, 19], [15, 22, 30], [5, 7, 10], [0, 8, 12], [4, 6, 27], [1, 16, 21], [6, 15, 28], [8, 9, 10], [2, 3], [14], [23]]
185: input[31, 4]: [[31], [26], [16, 19], [15, 22, 30], [5, 7, 10, 24, 26], [0, 8, 11, 12, 18, 19], [0, 4, 6, 25, 27, 30], [1, 6, 7, 16, 18, 21], [6, 8, 15, 28, 30], [8, 9, 10, 26, 27], [2, 3, 16], [14, 15], [10]]
186: input[31, 4]: [[31], [26], [16, 19], [15, 22, 30], [5, 7, 10], [0, 8, 12], [4, 6, 27], [1, 16, 21], [6, 15, 28], [8, 9, 10], [2, 3], [14], [23]]
187: input[31, 3]: [[31], [26], [16, 19], [15, 22, 30], [5, 7, 10, 24, 26], [0, 8, 11, 12, 18, 19], [0, 4, 6, 25, 27, 30], [1, 6, 7, 16, 18, 21], [6, 8, 15, 28, 30], [8, 9, 10, 26, 27], [2, 3, 16], [14, 15], [10]]
188: input[31, 3]: [[31], [26], [16, 19], [15, 22, 30], [5, 7, 10], [0, 8, 12], [4, 6, 27], [1, 16, 21], [6, 15, 28], [8, 9, 10], [2, 3], [14], [23]]
189: input[30, 15]: [[30], [7, 26], [8, 16, 19], [2, 15, 22, 27, 30], [5, 7, 10, 14, 16, 24, 26, 29], [0, 8, 10, 11, 12, 15, 18, 19, 20, 22, 23], [0, 4, 6, 10, 24, 25, 27, 28, 30], [0, 1, 3, 6, 7, 16, 18, 20, 21], [6, 8, 14, 15, 28, 30, 31], [8, 9, 10, 26, 27], [2, 3, 16], [14, 15], [10]]
190: input[30, 15]: [[30], [7, 26], [8, 16, 19], [2, 15, 22, 27, 30], [5, 7, 10, 16, 29], [0, 8, 12, 15, 20], [4, 6, 10, 27, 28], [0, 1, 3, 16, 20, 21], [6, 14, 15, 28], [8, 9, 10], [2, 3], [14], [23]]
191: input[30, 13]: [[30], [7, 26], [8, 16, 19], [2, 15, 22, 27, 30], [5, 7, 10, 14, 16, 24, 26, 29], [0, 8, 10, 11, 12, 15, 18, 19, 20, 22, 23], [0, 4, 6, 10, 24, 25, 27, 28, 30], [0, 1, 3, 6, 7, 16, 18, 20, 21], [6, 8, 14, 15, 28, 30, 31], [8, 9, 10, 26, 27], [2, 3, 16], [14, 15], [10]]
192: input[30, 13]: [[30], [7, 26], [8, 16, 19], [2, 15, 22, 27, 30], [5, 7, 10, 16, 29], [0, 8, 12, 15, 20], [4, 6, 10, 27, 28], [0, 1, 3, 16, 20, 21], [6, 14, 15, 28], [8, 9, 10], [2, 3], [14], [23]]
193: input[31, 2]: [[31], [26], [16, 19], [15, 22, 30], [5, 7, 10, 24, 26], [3, 8, 11, 12, 16, 18], [0, 4, 13, 14, 22, 25, 27], [4, 5, 12, 16, 18, 23, 31], [12, 13, 15, 24, 25, 26], [4, 10, 11, 18, 19], [0, 1, 30], [6, 7], [8]]
194: input[31, 2]: [[31], [26], [16, 19], [15, 22, 30], [5, 7, 10, 24, 26], [3, 8, 12, 16, 18], [13, 14, 22, 25, 27], [4, 5, 16, 18, 23], [12, 13, 15, 24], [4, 10, 11], [0, 1], [6], [21]]
195: input[31, 2]: [[31], [26], [16, 19], [15, 22, 30], [5, 7, 10, 24, 26], [3, 8, 12, 16, 18], [2, 13, 14, 22, 25, 27], [4, 5, 14, 16, 18, 23], [12, 15, 22, 23, 24, 30], [10, 11, 24, 25, 26], [0, 18, 19], [30, 31], [26]]
196: input[31, 2]: [[31], [26], [16, 19], [15, 22, 30], [5, 7, 10, 24, 26], [0, 8, 11, 12, 18, 19], [0, 4, 6, 25, 27, 30], [1, 6, 7, 16, 18, 21], [6, 8, 15, 28, 30], [8, 9, 10, 26, 27], [2, 3, 16], [14, 15], [10]]
197: input[31, 2]: [[31], [26], [16, 19], [15, 22, 30], [5, 7, 10], [0, 8, 12], [4, 6, 27], [1, 16, 21], [6, 15, 28], [8, 9, 10], [2, 3], [14], [23]]
198: input[31, 1]: [[31], [26], [16, 19], [15, 22, 30], [5, 7, 10, 24, 26], [0, 8, 11, 12, 18, 19], [0, 4, 6, 25, 27, 30], [1, 6, 7, 16, 18, 21], [6, 8, 15, 28, 30], [8, 9, 10, 26, 27], [2, 3, 16], [14, 15], [10]]
199: input[31, 1]: [[31], [26], [16, 19], [15, 22, 30], [5, 7, 10], [0, 8, 12], [4, 6, 27], [1, 16, 21], [6, 15, 28], [8, 9, 10], [2, 3], [14], [23]]
200: input[30, 2]: [[30], [7, 26], [8, 16, 19], [2, 15, 22, 27, 30], [5, 7, 10, 14, 16, 24, 26, 29], [0, 8, 10, 11, 12, 15, 18, 19, 20, 22, 23], [0, 4, 6, 10, 24, 25, 27, 28, 30], [0, 1, 3, 6, 7, 16, 18, 20, 21], [6, 8, 14, 15, 28, 30, 31], [8, 9, 10, 26, 27], [2, 3, 16], [14, 15], [10]]
201: input[30, 2]: [[30], [7, 26], [8, 16, 19], [2, 15, 22, 27, 30], [5, 7, 10, 16, 29], [0, 8, 12, 15, 20], [4, 6, 10, 27, 28], [0, 1, 3, 16, 20, 21], [6, 14, 15, 28], [8, 9, 10], [2, 3], [14], [23]]
202: input[19, 15]: [[19], [30], [7, 26], [8, 16, 19], [2, 15, 22, 27, 30], [5, 7, 10, 14, 16, 24, 26, 29], [3, 8, 12, 15, 16, 18, 20, 22, 23], [10, 13, 14, 17, 22, 24, 25, 27], [3, 4, 5, 16, 18, 22, 23], [12, 13, 14, 15, 24], [4, 10, 11], [0, 1], [6]]
203: input[19, 15]: [[19], [30], [7, 26], [8, 16, 19], [2, 15, 22, 27, 30], [5, 7, 10, 16, 29], [0, 8, 12, 15, 20], [4, 6, 10, 27, 28], [0, 1, 3, 16, 20, 21], [6, 14, 15, 28], [8, 9, 10], [2, 3], [14]]
204: input[19, 15]: [[19], [30], [7, 26], [8, 16, 19], [2, 15, 27, 30], [7, 10, 16, 29], [3, 8, 15, 20], [10, 14, 17, 27], [3, 16, 22, 23], [14, 15, 24], [10, 11], [0], [31]]
205: input[19, 15]: [[19], [30], [7, 26], [8, 16, 19], [2, 15, 22, 27, 30], [10, 16, 24, 26, 29], [0, 15, 18, 19, 20], [10, 28, 30, 31], [3, 20, 26], [14, 16, 17], [22, 23], [24], [11]]
206: input[19, 15]: [[19], [30], [7, 26], [8, 16, 19], [2, 15, 22, 27, 30], [5, 10, 16, 24, 26, 29], [0, 12, 15, 18, 19, 20, 22], [4, 5, 10, 17, 28, 30, 31], [3, 12, 20, 22, 26], [4, 5, 14, 16, 17], [12, 22, 23], [24, 25], [18]]
207: input[19, 14]: [[19], [30], [7, 26], [8, 16, 19], [2, 15, 22, 27, 30], [10, 16, 24, 26, 29], [0, 15, 18, 19, 20], [10, 28, 30, 31], [3, 20, 26], [14, 16, 17], [22, 23], [24], [11]]
208: input[19, 14]: [[19], [30], [7, 26], [8, 16, 19], [2, 15, 22, 27, 30], [5, 10, 16, 24, 26, 29], [0, 12, 15, 18, 19, 20, 22], [4, 5, 10, 17, 28, 30, 31], [3, 12, 20, 22, 26], [4, 5, 14, 16, 17], [12, 22, 23], [24, 25], [18]]
209: input[19, 13]: [[19], [30], [7, 26], [8, 16, 19], [2, 15, 22, 27, 30], [5, 7, 10, 14, 16, 24, 26, 29], [3, 8, 12, 15, 16, 18, 20, 22, 23], [10, 13, 14, 17, 22, 24, 25, 27], [3, 4, 5, 16, 18, 22, 23], [12, 13, 14, 15, 24], [4, 10, 11], [0, 1], [6]]
210: input[19, 13]: [[19], [30], [7, 26], [8, 16, 19], [2, 15, 22, 27, 30], [5, 7, 10, 16, 29], [0, 8, 12, 15, 20], [4, 6, 10, 27, 28], [0, 1, 3, 16, 20, 21], [6, 14, 15, 28], [8, 9, 10], [2, 3], [14]]
211: input[19, 13]: [[19], [30], [7, 26], [8, 16, 19], [2, 15, 27, 30], [7, 10, 16, 29], [3, 8, 15, 20], [10, 14, 17, 27], [3, 16, 22, 23], [14, 15, 24], [10, 11], [0], [31]]
212: input[19, 13]: [[19], [30], [7, 26], [8, 16, 19], [2, 15, 22, 27, 30], [10, 16, 24, 26, 29], [0, 15, 18, 19, 20], [10, 28, 30, 31], [3, 20, 26], [14, 16, 17], [22, 23], [24], [11]]
213: input[19, 13]: [[19], [30], [7, 26], [8, 16, 19], [2, 15, 22, 27, 30], [5, 10, 16, 24, 26, 29], [0, 12, 15, 18, 19, 20, 22], [4, 5, 10, 17, 28, 30, 31], [3, 12, 20, 22, 26], [4, 5, 14, 16, 17], [12, 22, 23], [24, 25], [18]]
214: input[19, 12]: [[19], [30], [7, 26], [8, 16, 19], [2, 15, 22, 27, 30], [10, 16, 24, 26, 29], [0, 15, 18, 19, 20], [10, 28, 30, 31], [3, 20, 26], [14, 16, 17], [22, 23], [24], [11]]
215: input[19, 12]: [[19], [30], [7, 26], [8, 16, 19], [2, 15, 22, 27, 30], [5, 10, 16, 24, 26, 29], [0, 12, 15, 18, 19, 20, 22], [4, 5, 10, 17, 28, 30, 31], [3, 12, 20, 22, 26], [4, 5, 14, 16, 17], [12, 22, 23], [24, 25], [18]]
216: input[19, 11]: [[19], [30], [7, 26], [8, 16, 19], [2, 15, 22, 27, 30], [10, 16, 24, 26, 29], [0, 15, 18, 19, 20], [10, 28, 30, 31], [3, 20, 26], [14, 16, 17], [22, 23], [24], [11]]
217: input[19, 11]: [[19], [30], [7, 26], [8, 16, 19], [2, 15, 22, 27, 30], [5, 10, 16, 24, 26, 29], [0, 12, 15, 18, 19, 20, 22], [4, 5, 10, 17, 28, 30, 31], [3, 12, 20, 22, 26], [4, 5, 14, 16, 17], [12, 22, 23], [24, 25], [18]]
218: input[19, 10]: [[19], [30], [7, 26], [8, 16, 19], [2, 15, 22, 27, 30], [10, 16, 24, 26, 29], [0, 15, 18, 19, 20], [10, 28, 30, 31], [3, 20, 26], [14, 16, 17], [22, 23], [24], [11]]
219: input[19, 10]: [[19], [30], [7, 26], [8, 16, 19], [2, 15, 22, 27, 30], [5, 10, 16, 24, 26, 29], [0, 12, 15, 18, 19, 20, 22], [4, 5, 10, 17, 28, 30, 31], [3, 12, 20, 22, 26], [4, 5, 14, 16, 17], [12, 22, 23], [24, 25], [18]]
220: input[19, 9]: [[19], [30], [7, 26], [8, 16, 19], [2, 15, 22, 27, 30], [10, 16, 24, 26, 29], [0, 15, 18, 19, 20], [10, 28, 30, 31], [3, 20, 26], [14, 16, 17], [22, 23], [24], [11]]
221: input[19, 9]: [[19], [30], [7, 26], [8, 16, 19], [2, 15, 22, 27, 30], [5, 10, 16, 24, 26, 29], [0, 12, 15, 18, 19, 20, 22], [4, 5, 10, 17, 28, 30, 31], [3, 12, 20, 22, 26], [4, 5, 14, 16, 17], [12, 22, 23], [24, 25], [18]]
222: input[19, 8]: [[19], [30], [7, 26], [8, 16, 19], [2, 15, 22, 27, 30], [10, 16, 24, 26, 29], [0, 15, 18, 19, 20], [10, 28, 30, 31], [3, 20, 26], [14, 16, 17], [22, 23], [24], [11]]
223: input[19, 8]: [[19], [30], [7, 26], [8, 16, 19], [2, 15, 22, 27, 30], [5, 10, 16, 24, 26, 29], [0, 12, 15, 18, 19, 20, 22], [4, 5, 10, 17, 28, 30, 31], [3, 12, 20, 22, 26], [4, 5, 14, 16, 17], [12, 22, 23], [24, 25], [18]]
224: input[19, 7]: [[19], [30], [7, 26], [8, 16, 19], [2, 15, 22, 27, 30], [10, 16, 24, 26, 29], [0, 15, 18, 19, 20], [10, 28, 30, 31], [3, 20, 26], [14, 16, 17], [22, 23], [24], [11]]
225: input[19, 7]: [[19], [30], [7, 26], [8, 16, 19], [2, 15, 22, 27, 30], [5, 10, 16, 24, 26, 29], [0, 12, 15, 18, 19, 20, 22], [4, 5, 10, 17, 28, 30, 31], [3, 12, 20, 22, 26], [4, 5, 14, 16, 17], [12, 22, 23], [24, 25], [18]]
226: input[19, 6]: [[19], [30], [7, 26], [8, 16, 19], [2, 15, 22, 27, 30], [10, 16, 24, 26, 29], [0, 15, 18, 19, 20], [10, 28, 30, 31], [3, 20, 26], [14, 16, 17], [22, 23], [24], [11]]
227: input[19, 6]: [[19], [30], [7, 26], [8, 16, 19], [2, 15, 22, 27, 30], [5, 10, 16, 24, 26, 29], [0, 12, 15, 18, 19, 20, 22], [4, 5, 10, 17, 28, 30, 31], [3, 12, 20, 22, 26], [4, 5, 14, 16, 17], [12, 22, 23], [24, 25], [18]]
228: input[19, 5]: [[19], [30], [7, 26], [8, 16, 19], [2, 15, 22, 27, 30], [10, 16, 24, 26, 29], [0, 15, 18, 19, 20], [10, 28, 30, 31], [3, 20, 26], [14, 16, 17], [22, 23], [24], [11]]
229: input[19, 5]: [[19], [30], [7, 26], [8, 16, 19], [2, 15, 22, 27, 30], [5, 10, 16, 24, 26, 29], [0, 12, 15, 18, 19, 20, 22], [4, 5, 10, 17, 28, 30, 31], [3, 12, 20, 22, 26], [4, 5, 14, 16, 17], [12, 22, 23], [24, 25], [18]]
230: input[19, 4]: [[19], [30], [7, 26], [8, 16, 19], [2, 15, 22, 27, 30], [10, 16, 24, 26, 29], [0, 15, 18, 19, 20], [10, 28, 30, 31], [3, 20, 26], [14, 16, 17], [22, 23], [24], [11]]
231: input[19, 4]: [[19], [30], [7, 26], [8, 16, 19], [2, 15, 22, 27, 30], [5, 10, 16, 24, 26, 29], [0, 12, 15, 18, 19, 20, 22], [4, 5, 10, 17, 28, 30, 31], [3, 12, 20, 22, 26], [4, 5, 14, 16, 17], [12, 22, 23], [24, 25], [18]]
232: input[19, 3]: [[19], [30], [7, 26], [8, 16, 19], [2, 15, 22, 27, 30], [10, 16, 24, 26, 29], [0, 15, 18, 19, 20], [10, 28, 30, 31], [3, 20, 26], [14, 16, 17], [22, 23], [24], [11]]
233: input[19, 3]: [[19], [30], [7, 26], [8, 16, 19], [2, 15, 22, 27, 30], [5, 10, 16, 24, 26, 29], [0, 12, 15, 18, 19, 20, 22], [4, 5, 10, 17, 28, 30, 31], [3, 12, 20, 22, 26], [4, 5, 14, 16, 17], [12, 22, 23], [24, 25], [18]]
234: input[19, 2]: [[19], [30], [7, 26], [8, 16, 19], [2, 15, 22, 27, 30], [5, 7, 10, 14, 16, 24, 26, 29], [3, 8, 12, 15, 16, 18, 20, 22, 23], [10, 13, 14, 17, 22, 24, 25, 27], [3, 4, 5, 16, 18, 22, 23], [12, 13, 14, 15, 24], [4, 10, 11], [0, 1], [6]]
235: input[19, 2]: [[19], [30], [7, 26], [8, 16, 19], [2, 15, 22, 27, 30], [5, 7, 10, 16, 29], [0, 8, 12, 15, 20], [4, 6, 10, 27, 28], [0, 1, 3, 16, 20, 21], [6, 14, 15, 28], [8, 9, 10], [2, 3], [14]]
236: input[19, 2]: [[19], [30], [7, 26], [8, 16, 19], [2, 15, 27, 30], [7, 10, 16, 29], [3, 8, 15, 20], [10, 14, 17, 27], [3, 16, 22, 23], [14, 15, 24], [10, 11], [0], [31]]
237: input[19, 2]: [[19], [30], [7, 26], [8, 16, 19], [2, 15, 22, 27, 30], [10, 16, 24, 26, 29], [0, 15, 18, 19, 20], [10, 28, 30, 31], [3, 20, 26], [14, 16, 17], [22, 23], [24], [11]]
238: input[19, 2]: [[19], [30], [7, 26], [8, 16, 19], [2, 15, 22, 27, 30], [5, 10, 16, 24, 26, 29], [0, 12, 15, 18, 19, 20, 22], [4, 5, 10, 17, 28, 30, 31], [3, 12, 20, 22, 26], [4, 5, 14, 16, 17], [12, 22, 23], [24, 25], [18]]
239: input[19, 1]: [[19], [30], [7, 26], [8, 16, 19], [2, 15, 22, 27, 30], [10, 16, 24, 26, 29], [0, 15, 18, 19, 20], [10, 28, 30, 31], [3, 20, 26], [14, 16, 17], [22, 23], [24], [11]]
240: input[19, 1]: [[19], [30], [7, 26], [8, 16, 19], [2, 15, 22, 27, 30], [5, 10, 16, 24, 26, 29], [0, 12, 15, 18, 19, 20, 22], [4, 5, 10, 17, 28, 30, 31], [3, 12, 20, 22, 26], [4, 5, 14, 16, 17], [12, 22, 23], [24, 25], [18]]
