ALL_SOLUTIONS
Time taken: 0.16 seconds
R: 7
X:
R7:	[14]
R6:	[1]
R5:	[1, 5, 13]
R4:	[0, 1, 5, 10, 13]
R3:	[0, 1, 4, 5, 8, 10, 12, 13]
R2:	[0, 1, 2, 3, 4, 5, 8, 9, 10, 12, 13, 14]
R1:	[0, 1, 2, 3, 4, 5, 6, 7, 8, 9, 10, 11, 12, 13, 14, 15]
R0:	[0, 1, 2, 3, 4, 5, 6, 7, 8, 9, 10, 11, 12, 13, 14, 15]
Y:
R0:	[0, 1, 2, 3, 4, 5, 6, 7, 8, 9, 10, 11, 12, 13, 14, 15]
R1:	[0, 1, 2, 3, 4, 5, 6, 7, 8, 9, 10, 11, 12, 13, 14, 15]
R2:	[0, 1, 2, 3, 5, 6, 7, 8, 9, 10, 11, 13, 14, 15]
R3:	[0, 1, 2, 4, 5, 7, 8, 10, 11, 13, 14]
R4:	[0, 1, 5, 6, 8, 9, 10, 13]
R5:	[0, 4, 10, 11, 13]
R6:	[0, 9]
R7:	[12]
C:
C0:	[14]
C1:	[1]
C2:	[1, 5, 13]
C3:	[0, 1, 5, 10, 13]
C4:	[0, 1, 5, 8, 10, 13]
C5:	[0, 4, 10, 13]
C6:	[0, 9]
C7:	[12]

[[14], [1], [1, 5, 13], [0, 1, 5, 10, 13], [0, 1, 5, 8, 10, 13], [0, 4, 10, 13], [0, 9], [12]]