ALL_SOLUTIONS
Time taken: 0.16 seconds
R: 8
X:
R8:	[14]
R7:	[1]
R6:	[1, 5, 13]
R5:	[0, 1, 5, 10, 13]
R4:	[0, 1, 4, 5, 8, 10, 12, 13]
R3:	[0, 1, 2, 3, 4, 5, 8, 9, 10, 12, 13, 14]
R2:	[0, 1, 2, 3, 4, 5, 6, 7, 8, 9, 10, 11, 12, 13, 14, 15]
R1:	[0, 1, 2, 3, 4, 5, 6, 7, 8, 9, 10, 11, 12, 13, 14, 15]
R0:	[0, 1, 2, 3, 4, 5, 6, 7, 8, 9, 10, 11, 12, 13, 14, 15]
Y:
R0:	[0, 1, 2, 3, 4, 5, 6, 7, 8, 9, 10, 11, 12, 13, 14, 15]
R1:	[0, 1, 2, 3, 4, 5, 6, 7, 8, 9, 10, 11, 12, 13, 14, 15]
R2:	[0, 1, 2, 3, 4, 5, 6, 7, 8, 9, 10, 11, 12, 13, 14, 15]
R3:	[0, 1, 2, 3, 4, 6, 7, 8, 9, 10, 11, 12, 14, 15]
R4:	[1, 2, 3, 4, 5, 6, 8, 9, 11, 14, 15]
R5:	[1, 2, 6, 7, 9, 10, 11, 14]
R6:	[1, 5, 8, 11, 14]
R7:	[1, 10]
R8:	[13]
C:
C0:	[14]
C1:	[1]
C2:	[1, 5, 13]
C3:	[0, 1, 10]
C4:	[1, 4, 5, 8]
C5:	[1, 2, 9, 10, 14]
C6:	[1, 5, 8, 11, 14]
C7:	[1, 10]
C8:	[13]

[[14], [1], [1, 5, 13], [0, 1, 10], [1, 4, 5, 8], [1, 2, 9, 10, 14], [1, 5, 8, 11, 14], [1, 10], [13]]